2.763061046600342
9.166332244873047
4.45652961730957
6.570927143096924
3.7809395790100098
5.35584831237793
7.863501071929932
6.0512800216674805
2.354659080505371
6.430606365203857
9.686290740966797
3.516113758087158
7.05770206451416
0.013063251972198486
0.7369540333747864
3.961395263671875
6.0881028175354
7.2289581298828125
9.559776306152344
2.4800643920898438
4.091196060180664
0.47150442004203796
5.666934490203857
5.788287162780762
8.728521347045898
5.36736536026001
9.341344833374023
0.9327288866043091
2.8930106163024902
2.8478541374206543
4.457986354827881
2.6050517559051514
7.978538513183594
4.979358673095703
4.581266403198242
6.34196662902832
9.63227653503418
-0.22183504700660706
7.328032493591309
1.1625529527664185
9.767213821411133
9.37479019165039
0.49814701080322266
4.358195781707764
9.693696975708008
9.022379875183105
1.628657341003418
5.949315071105957
1.7342112064361572
2.9200286865234375
8.347694396972656
9.237384796142578
9.46719741821289
1.8344453573226929
9.461814880371094
0.35569480061531067
7.2292890548706055
5.025775909423828
2.235515594482422
0.9110144376754761
4.988123893737793
5.059419631958008
0.9538034200668335
7.244700908660889
7.056553840637207
9.762375831604004
1.726888656616211
9.373214721679688
1.1919546127319336
9.612969398498535
1.4638991355895996
8.094057083129883
4.413538932800293
3.908189296722412
6.688623905181885
1.599448561668396
1.730680227279663
8.901747703552246
4.878103256225586
9.507183074951172
0.9133487343788147
1.3203669786453247
1.076343059539795
8.857446670532227
7.283811092376709
3.7699990272521973
3.5734026432037354
1.8581570386886597
8.824080467224121
6.038458824157715
1.6947526931762695
8.575555801391602
7.638833045959473
1.7749829292297363
3.0074236392974854
1.68320894241333
8.246800422668457
9.652324676513672
4.651608943939209
5.626327991485596
9.372650146484375
1.6524429321289062
8.989755630493164
8.88818359375
7.763282775878906
5.95052433013916
9.786059379577637
4.123133182525635
8.976892471313477
9.641294479370117
4.674510478973389
8.691970825195312
9.65249252319336
8.942358016967773
0.5830118060112
1.5034799575805664
8.569459915161133
4.945565700531006
2.840437889099121
2.3261594772338867
2.0581183433532715
5.456066131591797
3.589939832687378
5.32819938659668
4.836491107940674
9.70496940612793
1.3839547634124756
4.17033576965332
8.984893798828125
2.672152042388916
3.689270496368408
6.342597007751465
7.756487846374512
5.5221147537231445
8.884025573730469
9.419901847839355
8.355705261230469
3.012179374694824
7.606248378753662
2.087224006652832
6.783490180969238
5.239655494689941
0.20659807324409485
7.588540077209473
1.8408180475234985
9.09930419921875
9.384842872619629
1.3660609722137451
3.3678722381591797
9.598767280578613
7.036359786987305
1.6262954473495483
9.138875961303711
2.0484089851379395
3.3395960330963135
0.9212134480476379
3.6161937713623047
2.1602299213409424
3.11822509765625
9.52224063873291
1.831154704093933
9.686100006103516
6.727520942687988
-0.09619483351707458
6.626701354980469
1.4575650691986084
8.138362884521484
2.2120583057403564
1.4212522506713867
1.969030737876892
9.4127779006958
4.47784423828125
7.889638423919678
7.622231483459473
7.315786361694336
7.926455020904541
0.04350888729095459
1.1774989366531372
7.605241298675537
2.901162624359131
2.4891881942749023
2.727227210998535
0.4423770308494568
0.6640886664390564
8.56998062133789
0.14156115055084229
9.512653350830078
8.641600608825684
8.770109176635742
3.4218931198120117
9.512269973754883
4.282980918884277
8.987156867980957
1.8338372707366943
6.137403964996338
1.7145617008209229
-0.054022401571273804
1.3671042919158936
4.103908538818359
1.4361658096313477
9.546574592590332
1.6007736921310425
1.050307035446167
4.99643087387085
9.605106353759766
3.7309317588806152
4.9946393966674805
6.540037155151367
6.135023593902588
5.635978698730469
0.6698512434959412
9.110530853271484
9.460731506347656
8.06723403930664
2.2670135498046875
8.90632438659668
5.877492904663086
5.449911117553711
4.885639667510986
1.2291303873062134
1.2835667133331299
3.387824535369873
4.490365982055664
1.9194872379302979
0.4449787735939026
8.729143142700195
8.433093070983887
1.8959307670593262
9.294071197509766
7.21910285949707
2.0515244007110596
1.1816587448120117
9.795351028442383
3.0332305431365967
6.425248146057129
8.75209903717041
2.9315617084503174
4.761661529541016
1.9857426881790161
1.498966932296753
3.859506368637085
1.3245058059692383
2.4987106323242188
1.9553576707839966
9.297286987304688
1.7438533306121826
9.06049919128418
-0.002514198422431946
2.0821409225463867
6.936058044433594
0.7809926271438599
6.845484733581543
5.151456832885742
4.299218654632568
8.69797134399414
0.29668909311294556
9.597026824951172
7.111082553863525
3.1208655834198
8.369571685791016
6.392277240753174
8.922135353088379
1.5248302221298218
2.4301834106445312
7.255136489868164
2.1440505981445312
9.486189842224121
1.2776297330856323
6.891716003417969
9.581075668334961
2.68213152885437
8.639245986938477
1.4233314990997314
6.6562910079956055
4.293805122375488
3.3079936504364014
2.902831554412842
3.2865917682647705
7.046180725097656
8.747638702392578
7.203651428222656
7.928600311279297
6.96213436126709
3.6566598415374756
3.957247257232666
0.7069198489189148
8.740737915039062
6.1027960777282715
8.56397819519043
0.31145408749580383
0.2101503312587738
5.035523891448975
9.469886779785156
9.05046272277832
7.631993770599365
1.232740879058838
9.59941291809082
3.3172717094421387
9.813368797302246
1.5207417011260986
3.714704751968384
7.650907516479492
2.924302101135254
4.0922532081604
2.0782508850097656
6.964008331298828
3.712480068206787
9.512645721435547
3.1906180381774902
9.653339385986328
3.2997007369995117
9.113219261169434
4.204384803771973
-0.06836608052253723
0.8373502492904663
2.740098476409912
2.4557201862335205
7.840766906738281
1.5389907360076904
5.00261116027832
7.103452205657959
3.8852734565734863
1.171140193939209
9.495635986328125
7.32667875289917
-0.2657245397567749
8.176617622375488
5.08788537979126
1.833096981048584
1.533040165901184
8.872098922729492
1.8575007915496826
8.650527954101562
1.360443115234375
8.090127944946289
2.428567886352539
4.314097881317139
7.494034767150879
9.537975311279297
6.45739221572876
9.424747467041016
9.05027961730957
1.020480990409851
2.0923361778259277
8.667011260986328
2.1978087425231934
6.815008163452148
4.265076637268066
2.7876522541046143
9.541033744812012
1.1338040828704834
0.6907671093940735
4.671962738037109
2.5992095470428467
7.7891669273376465
1.8914021253585815
1.9064767360687256
1.9526593685150146
0.09818965196609497
9.619369506835938
4.119956016540527
7.4151716232299805
9.592058181762695
8.969045639038086
0.4905042350292206
5.833031177520752
8.158706665039062
9.573899269104004
2.7871718406677246
7.232176780700684
1.0427693128585815
1.7841075658798218
0.23007483780384064
1.7060407400131226
6.513376235961914
7.358609199523926
3.7570154666900635
5.204912185668945
9.070585250854492
3.9249157905578613
1.1669433116912842
0.963265061378479
3.6550397872924805
9.801094055175781
9.681375503540039
5.40777587890625
5.7667436599731445
4.223522663116455
1.7999669313430786
9.379152297973633
2.210156202316284
3.2692885398864746
1.4674055576324463
2.0405237674713135
9.543895721435547
0.9119209051132202
0.9129709005355835
2.1703243255615234
0.16203342378139496
4.767132759094238
6.666221618652344
1.6849920749664307
9.23515510559082
7.539972305297852
7.300590515136719
9.608183860778809
9.01268196105957
5.033332347869873
8.149965286254883
8.318628311157227
1.9495995044708252
9.512153625488281
7.238400459289551
7.984065532684326
8.958905220031738
3.8716893196105957
0.5295284986495972
7.2896952629089355
6.982324600219727
2.911158561706543
0.23306268453598022
2.7597007751464844
2.6270599365234375
7.215846061706543
0.6835730075836182
1.486756682395935
9.736478805541992
7.526344299316406
5.2328057289123535
6.947128772735596
1.760603666305542
9.71821403503418
8.738897323608398
3.057142972946167
8.871694564819336
2.9049925804138184
9.329505920410156
0.7914937138557434
3.953557014465332
1.3146659135818481
5.072256088256836
4.980816841125488
9.162257194519043
9.359674453735352
7.99180793762207
7.762983322143555
0.16189652681350708
1.4802372455596924
1.93160080909729
3.108785629272461
4.585512638092041
4.313255310058594
9.60786247253418
2.2283828258514404
8.135576248168945
1.9393837451934814
5.002628326416016
9.621376037597656
9.396783828735352
9.1249361038208
3.42118239402771
0.4558623731136322
1.9876207113265991
2.4670217037200928
9.403815269470215
2.3992648124694824
0.420402467250824
0.12987419962882996
1.8090286254882812
7.3127546310424805
0.4394252300262451
9.78599739074707
1.6298457384109497
0.596259355545044
8.066137313842773
1.48268461227417
9.089821815490723
9.541313171386719
3.676861047744751
1.2426272630691528
1.669534683227539
7.625082015991211
9.466560363769531
2.5713539123535156
0.2895143926143646
1.1726051568984985
7.1292009353637695
1.454100489616394
9.557720184326172
9.260581970214844
3.392825126647949
0.9355154037475586
3.15970516204834
9.733383178710938
1.0408521890640259
3.1419975757598877
9.498074531555176
0.9210256934165955
7.548624038696289
9.513409614562988
9.273454666137695
9.783919334411621
9.697669982910156
3.2201075553894043
2.5985636711120605
0.6859225034713745
4.0746870040893555
9.025392532348633
9.39113998413086
2.9412193298339844
5.294130325317383
7.3328046798706055
1.5189108848571777
8.657585144042969
2.1029412746429443
8.089950561523438
2.2610344886779785
7.580057144165039
3.6860132217407227
5.381957054138184
1.4354490041732788
9.088836669921875
4.033263683319092
2.9984281063079834
3.0715017318725586
0.9207614064216614
7.592616081237793
1.2830488681793213
0.3023902177810669
9.190775871276855
3.5159125328063965
1.6639456748962402
8.014018058776855
-0.013842150568962097
6.054482460021973
3.5831682682037354
7.931262969970703
3.596217155456543
5.233287334442139
4.1237077713012695
6.412735462188721
6.943488121032715
0.2379150092601776
0.6713168025016785
2.1373674869537354
9.696661949157715
1.6034576892852783
5.933402061462402
3.249852180480957
3.171945095062256
0.7686173915863037
9.138063430786133
5.8285112380981445
6.5181379318237305
8.612309455871582
9.366579055786133
1.4678363800048828
1.3506819009780884
0.9589632749557495
7.3026862144470215
3.4077577590942383
5.824211120605469
9.338766098022461
3.9953746795654297
1.4227850437164307
9.447075843811035
2.2172651290893555
9.221046447753906
9.201416969299316
2.509629964828491
0.29393497109413147
9.493648529052734
1.3296273946762085
9.467607498168945
9.606581687927246
9.400121688842773
1.4115043878555298
6.280205726623535
1.301605224609375
9.118551254272461
7.3768157958984375
0.5880906581878662
9.401284217834473
-0.20347978174686432
9.236549377441406
5.474389553070068
2.5747714042663574
2.6713948249816895
5.667014122009277
6.2981696128845215
3.040053129196167
8.781366348266602
1.942846655845642
2.599196434020996
9.601949691772461
5.663536071777344
8.819144248962402
2.0797088146209717
4.825922012329102
5.0360236167907715
2.408597469329834
8.384889602661133
8.363415718078613
0.9542388916015625
3.085766315460205
3.56235408782959
9.114883422851562
0.4838792681694031
9.590803146362305
0.9465596675872803
6.253146171569824
7.884511470794678
2.5220389366149902
2.169167995452881
2.852071762084961
1.3214293718338013
1.7438085079193115
3.506319046020508
5.550995349884033
5.031082630157471
6.343471527099609
2.4986186027526855
7.092789173126221
4.993847846984863
9.720609664916992
1.0081698894500732
4.505849361419678
-0.03500033915042877
9.740641593933105
4.901141166687012
9.553276062011719
5.634580612182617
9.86209774017334
8.21932601928711
3.829714059829712
6.737449645996094
3.1943249702453613
1.2057653665542603
4.6295576095581055
9.094205856323242
3.109557867050171
4.363356590270996
1.5177578926086426
8.984491348266602
5.1280646324157715
-0.14969220757484436
3.0412237644195557
0.3555440902709961
4.052307605743408
3.012463092803955
3.8076322078704834
0.9207388162612915
1.9269676208496094
3.461540937423706
1.2487003803253174
8.867475509643555
8.231884002685547
5.641350746154785
1.7846300601959229
2.463685989379883
2.522792100906372
7.956921577453613
0.018250063061714172
8.900748252868652
1.3297452926635742
6.250854969024658
0.06582626700401306
5.5762505531311035
0.7575321793556213
0.8308707475662231
3.59190034866333
-0.2025395631790161
9.65165901184082
1.1025564670562744
4.921937942504883
0.14745764434337616
1.7017083168029785
2.9727158546447754
9.405030250549316
3.12323260307312
0.6816025972366333
6.110617160797119
5.040458679199219
8.738016128540039
2.066124677658081
8.369636535644531
7.030021667480469
1.0792239904403687
6.987574577331543
3.5384440422058105
3.4260926246643066
6.652723789215088
2.2155373096466064
8.979242324829102
9.71452522277832
9.62049388885498
5.230714797973633
0.9450888633728027
2.010619640350342
6.127493858337402
9.097284317016602
1.4037647247314453
2.6940317153930664
7.72853946685791
1.7695940732955933
3.246899366378784
1.6797733306884766
0.4088461995124817
0.838248074054718
9.287389755249023
8.628442764282227
0.5696256160736084
6.071399211883545
7.821987152099609
2.239574432373047
8.110333442687988
0.45261624455451965
9.645334243774414
4.895544052124023
4.443050861358643
9.626241683959961
1.091364860534668
1.1347507238388062
3.4328951835632324
1.3806571960449219
8.06163215637207
9.536306381225586
2.689441204071045
2.979753017425537
9.230398178100586
3.1674423217773438
7.137730598449707
3.6032752990722656
3.284672737121582
0.5397979021072388
2.62261700630188
3.848247528076172
6.783729553222656
7.562827110290527
8.62469482421875
1.5532774925231934
8.79706859588623
9.12027359008789
2.5453033447265625
1.0530362129211426
8.430829048156738
9.359458923339844
9.796223640441895
9.534036636352539
-0.03467059135437012
7.569198131561279
6.6462249755859375
5.926078796386719
7.66188383102417
8.337238311767578
5.857548236846924
9.108360290527344
8.65505599975586
5.206317901611328
6.133898735046387
9.247365951538086
6.759339332580566
9.345235824584961
9.560412406921387
5.596275329589844
8.942150115966797
0.6980499029159546
2.0927445888519287
6.322663307189941
6.987477779388428
9.65698528289795
8.409696578979492
3.8738393783569336
8.779485702514648
6.92585563659668
1.8835513591766357
7.789740085601807
8.3602876663208
5.163413047790527
3.7295174598693848
2.4500906467437744
1.0145074129104614
1.9344210624694824
9.783576011657715
0.36565497517585754
2.4114794731140137
9.63188362121582
2.524473190307617
8.459835052490234
1.998944640159607
0.3080724775791168
2.2378973960876465
9.841585159301758
1.845860481262207
2.758500576019287
9.32269287109375
2.902865409851074
5.592412948608398
9.427840232849121
9.21751594543457
5.044151306152344
9.334672927856445
4.962109565734863
2.087742567062378
2.220212936401367
9.413086891174316
4.896535873413086
1.4642881155014038
5.760135650634766
0.030961081385612488
8.943925857543945
6.5207672119140625
2.0897297859191895
4.057794094085693
1.92222261428833
2.9981279373168945
8.030622482299805
2.6590781211853027
7.543625831604004
2.3327383995056152
8.962488174438477
9.119854927062988
9.21069622039795
6.245908737182617
0.9430825710296631
6.2517170906066895
9.037372589111328
8.195022583007812
9.40383529663086
3.6545867919921875
7.6798810958862305
5.473620891571045
2.7969374656677246
8.26861572265625
9.617794036865234
3.680346727371216
3.1871938705444336
3.6941030025482178
3.385302782058716
8.600781440734863
6.10569953918457
7.314759731292725
4.706195831298828
0.9097622632980347
0.49360114336013794
3.044562339782715
1.0548619031906128
9.040909767150879
2.572253465652466
2.879756450653076
0.372392863035202
8.901650428771973
1.8077791929244995
0.26012060046195984
7.729088306427002
-0.11494748294353485
5.7917561531066895
4.648360252380371
7.674826622009277
9.158782005310059
9.690025329589844
8.822843551635742
3.110175848007202
6.03466272354126
4.397088050842285
2.873811960220337
2.142796754837036
6.643675804138184
5.057405948638916
3.472810983657837
2.2149405479431152
9.022622108459473
9.493598937988281
4.436764717102051
3.693042278289795
9.662544250488281
1.662601351737976
2.602108955383301
2.702179431915283
8.39529800415039
0.6646151542663574
7.6731648445129395
0.9717099666595459
8.677495956420898
3.818410873413086
1.0621974468231201
0.4314199984073639
3.4665942192077637
6.068934440612793
7.102407455444336
5.749514579772949
8.040480613708496
1.8788297176361084
4.330610752105713
4.721261024475098
-0.20604610443115234
5.424818992614746
8.3526611328125
2.3744142055511475
4.077599048614502
6.085357189178467
6.521448135375977
3.309744119644165
5.9163055419921875
0.6423125267028809
5.447948455810547
9.75504207611084
4.738269329071045
2.708159923553467
1.1538583040237427
9.673418045043945
0.6645424365997314
6.534381866455078
0.90394127368927
7.281078815460205
6.825105667114258
6.167964935302734
5.91157341003418
3.48110294342041
9.06941032409668
1.7759714126586914
0.8218222856521606
6.63120174407959
1.2520930767059326
0.6035013794898987
3.0268335342407227
9.535459518432617
3.476799726486206
0.6448898911476135
1.4808762073516846
0.9785309433937073
9.449362754821777
4.496189594268799
0.9981456995010376
9.087730407714844
9.61798095703125
5.294449806213379
7.20230770111084
9.548661231994629
7.767223834991455
1.0950782299041748
9.195816040039062
9.087265014648438
0.01375645399093628
1.9083161354064941
6.832131385803223
1.4271466732025146
2.302478313446045
3.6662023067474365
1.5556535720825195
3.850118637084961
8.859113693237305
1.9898836612701416
9.353527069091797
1.32349693775177
9.60138988494873
9.656373977661133
3.4611921310424805
1.611586332321167
4.571361541748047
9.13625431060791
7.10984992980957
4.626410484313965
4.961476802825928
1.3818799257278442
8.078594207763672
1.2614011764526367
7.294930458068848
-0.044960975646972656
6.557019233703613
0.820849597454071
4.332087993621826
0.2731171250343323
0.8242181539535522
1.1698808670043945
6.505208969116211
9.915708541870117
5.676112174987793
0.16746786236763
9.13049602508545
7.432991027832031
6.563128471374512
1.0736844539642334
3.8963050842285156
0.7322441935539246
2.314640522003174
4.361152172088623
2.3806471824645996
0.5773849487304688
7.014955520629883
2.7032017707824707
0.0077683329582214355
8.408205032348633
2.897512435913086
8.769432067871094
5.6274919509887695
4.146454811096191
9.510336875915527
7.238358020782471
7.3836236000061035
